times	particleNumbers
0	100
0.01	100
0.02	100
0.03	100
0.04	100
0.05	100
0.06	100
0.07	100
0.08	100
0.09	100
0.1	100
0.11	100
0.12	100
0.13	100
0.14	100
0.15	100
0.16	100
0.17	100
0.18	100
0.19	100
0.2	100
0.21	100
0.22	100
0.23	100
0.24	100
0.25	100
0.26	100
0.27	100
0.28	100
0.29	100
0.3	100
0.31	100
0.32	100
0.33	100
0.34	100
0.35	100
0.36	100
0.37	100
0.38	100
0.39	100
0.4	100
0.41	100
0.42	100
0.43	100
0.44	100
0.45	100
0.46	100
0.47	100
0.48	100
0.49	100
0.5	100
0.51	100
0.52	100
0.53	100
0.54	100
0.55	100
0.56	100
0.57	100
0.58	100
0.59	100
0.6	100
0.61	100
0.62	100
0.63	100
0.64	100
0.65	100
0.66	100
0.67	100
0.68	100
0.69	100
0.7	100
0.71	100
0.72	100
0.73	100
0.74	100
0.75	100
0.76	100
0.77	100
0.78	100
0.79	100
0.8	100
0.81	100
0.82	100
0.83	100
0.84	100
0.85	100
0.86	100
0.87	100
0.88	100
0.89	100
0.9	100
0.91	100
0.92	100
0.93	100
0.94	100
0.95	100
0.96	100
0.97	100
0.98	100
0.99	100
1	100
1.01	100
1.02	100
1.03	100
1.04	100
1.05	100
1.06	100
1.07	100
1.08	100
1.09	100
1.1	100
1.11	100
1.12	100
1.13	100
1.14	100
1.15	100
1.16	100
1.17	100
1.18	100
1.19	100
1.2	100
1.21	100
1.22	100
1.23	100
1.24	100
1.25	100
1.26	100
1.27	100
1.28	100
1.29	100
1.3	100
1.31	100
1.32	100
1.33	100
1.34	100
1.35	100
1.36	100
1.37	100
1.38	100
1.39	100
1.4	100
1.41	100
1.42	100
1.43	100
1.44	100
1.45	100
1.46	100
1.47	100
1.48	100
1.49	100
1.5	100
1.51	100
1.52	100
1.53	100
1.54	100
1.55	100
1.56	100
1.57	100
1.58	100
1.59	100
1.6	100
1.61	100
1.62	100
1.63	100
1.64	100
1.65	100
1.66	100
1.67	100
1.68	100
1.69	100
1.7	100
1.71	100
1.72	100
1.73	100
1.74	100
1.75	100
1.76	100
1.77	100
1.78	100
1.79	100
1.8	100
1.81	100
1.82	100
1.83	100
1.84	100
1.85	100
1.86	100
1.87	100
1.88	100
1.89	100
1.9	100
1.91	100
1.92	100
1.93	100
1.94	100
1.95	100
1.96	100
1.97	100
1.98	100
1.99	100
2	100
2.01	100
2.02	100
2.03	100
2.04	100
2.05	100
2.06	100
2.07	100
2.08	100
2.09	100
2.1	100
2.11	100
2.12	100
2.13	100
2.14	100
2.15	100
2.16	100
2.17	100
2.18	100
2.19	100
2.2	100
2.21	100
2.22	100
2.23	100
2.24	100
2.25	100
2.26	100
2.27	100
2.28	100
2.29	100
2.3	100
2.31	100
2.32	100
2.33	100
2.34	100
2.35	100
2.36	100
2.37	100
2.38	100
2.39	100
2.4	100
2.41	100
2.42	100
2.43	100
2.44	100
2.45	100
2.46	100
2.47	100
2.48	100
2.49	100
2.5	100
2.51	100
2.52	100
2.53	100
2.54	100
2.55	100
2.56	100
2.57	100
2.58	100
2.59	100
2.6	100
2.61	100
2.62	100
2.63	100
2.64	100
2.65	100
2.66	100
2.67	100
2.68	100
2.69	100
2.7	100
2.71	100
2.72	100
2.73	100
2.74	100
2.75	100
2.76	100
2.77	100
2.78	100
2.79	100
2.8	100
2.81	100
2.82	100
2.83	100
2.84	100
2.85	100
2.86	100
2.87	100
2.88	100
2.89	100
2.9	100
2.91	100
2.92	100
2.93	100
2.94	100
2.95	100
2.96	100
2.97	100
2.98	100
2.99	100
3	100
3.01	100
3.02	100
3.03	100
3.04	100
3.05	100
3.06	100
3.07	100
3.08	100
3.09	100
3.1	100
3.11	100
3.12	100
3.13	100
3.14	100
3.15	100
3.16	100
3.17	100
3.18	100
3.19	100
3.2	100
3.21	100
3.22	100
3.23	100
3.24	100
3.25	100
3.26	100
3.27	100
3.28	100
3.29	100
3.3	100
3.31	100
3.32	100
3.33	100
3.34	100
3.35	100
3.36	100
3.37	100
3.38	100
3.39	100
3.4	100
3.41	100
3.42	100
3.43	100
3.44	100
3.45	100
3.46	100
3.47	100
3.48	100
3.49	100
3.5	100
3.51	100
3.52	100
3.53	100
3.54	100
3.55	100
3.56	100
3.57	100
3.58	100
3.59	100
3.6	100
3.61	100
3.62	100
3.63	100
3.64	100
3.65	100
3.66	100
3.67	100
3.68	100
3.69	100
3.7	100
3.71	100
3.72	100
3.73	100
3.74	100
3.75	100
3.76	100
3.77	100
3.78	100
3.79	100
3.8	100
3.81	100
3.82	100
3.83	100
3.84	100
3.85	100
3.86	100
3.87	100
3.88	100
3.89	100
3.9	100
3.91	100
3.92	100
3.93	100
3.94	100
3.95	100
3.96	100
3.97	100
3.98	100
3.99	100
4	100
4.01	100
4.02	100
4.03	100
4.04	100
4.05	100
4.06	100
4.07	100
4.08	100
4.09	100
4.1	100
4.11	100
4.12	100
4.13	100
4.14	100
4.15	100
4.16	100
4.17	100
4.18	100
4.19	100
4.2	100
4.21	100
4.22	100
4.23	100
4.24	100
4.25	100
4.26	100
4.27	100
4.28	100
4.29	100
4.3	100
4.31	100
4.32	100
4.33	100
4.34	100
4.35	100
4.36	100
4.37	100
4.38	100
4.39	100
4.4	100
4.41	100
4.42	100
4.43	100
4.44	100
4.45	100
4.46	100
4.47	100
4.48	100
4.49	100
4.5	100
4.51	100
4.52	100
4.53	100
4.54	100
4.55	100
4.56	100
4.57	100
4.58	100
4.59	100
4.6	100
4.61	100
4.62	100
4.63	100
4.64	100
4.65	100
4.66	100
4.67	100
4.68	100
4.69	100
4.7	100
4.71	100
4.72	100
4.73	100
4.74	100
4.75	100
4.76	100
4.77	100
4.78	100
4.79	100
4.8	100
4.81	100
4.82	100
4.83	100
4.84	100
4.85	100
4.86	100
4.87	100
4.88	100
4.89	100
4.9	100
4.91	100
4.92	100
4.93	100
4.94	100
4.95	100
4.96	100
4.97	100
4.98	100
4.99	100
5	100
5.01	100
5.02	100
5.03	100
5.04	100
5.05	100
5.06	100
5.07	100
5.08	100
5.09	100
5.1	100
5.11	100
5.12	100
5.13	100
5.14	100
5.15	100
5.16	100
5.17	100
5.18	100
5.19	100
5.2	100
5.21	100
5.22	100
5.23	100
5.24	100
5.25	100
5.26	100
5.27	100
5.28	100
5.29	100
5.3	100
5.31	100
5.32	100
5.33	100
5.34	100
5.35	100
5.36	100
5.37	100
5.38	100
5.39	100
5.4	100
5.41	100
5.42	100
5.43	100
5.44	100
5.45	100
5.46	100
5.47	100
5.48	100
5.49	100
5.5	100
5.51	100
5.52	100
5.53	100
5.54	100
5.55	100
5.56	100
5.57	100
5.58	100
5.59	100
5.6	100
5.61	100
5.62	100
5.63	100
5.64	100
5.65	100
5.66	100
5.67	100
5.68	100
5.69	100
5.7	100
5.71	100
5.72	100
5.73	100
5.74	100
5.75	100
5.76	100
5.77	100
5.78	100
5.79	100
5.8	100
5.81	100
5.82	100
5.83	100
5.84	100
5.85	100
5.86	100
5.87	100
5.88	100
5.89	100
5.9	100
5.91	100
5.92	100
5.93	100
5.94	100
5.95	100
5.96	100
5.97	100
5.98	100
5.99	100
6	100
6.01	100
6.02	100
6.03	100
6.04	100
6.05	100
6.06	100
6.07	100
6.08	100
6.09	100
6.1	100
6.11	100
6.12	100
6.13	100
6.14	100
6.15	100
6.16	100
6.17	100
6.18	100
6.19	100
6.2	100
6.21	100
6.22	100
6.23	100
6.24	100
6.25	100
6.26	100
6.27	100
6.28	100
6.29	100
6.3	100
6.31	100
6.32	100
6.33	100
6.34	100
6.35	100
6.36	100
6.37	100
6.38	100
6.39	100
6.4	100
6.41	100
6.42	100
6.43	100
6.44	100
6.45	100
6.46	100
6.47	100
6.48	100
6.49	100
6.5	100
6.51	100
6.52	100
6.53	100
6.54	100
6.55	100
6.56	100
6.57	100
6.58	100
6.59	100
6.6	100
6.61	100
6.62	100
6.63	100
6.64	100
6.65	100
6.66	100
6.67	100
6.68	100
6.69	100
6.7	100
6.71	100
6.72	100
6.73	100
6.74	100
6.75	100
6.76	100
6.77	100
6.78	100
6.79	100
6.8	100
6.81	100
6.82	100
6.83	100
6.84	100
6.85	100
6.86	100
6.87	100
6.88	100
6.89	100
6.9	100
6.91	100
6.92	100
6.93	100
6.94	100
6.95	100
6.96	100
6.97	100
6.98	100
6.99	100
7	100
7.01	100
7.02	100
7.03	100
7.04	100
7.05	100
7.06	100
7.07	100
7.08	100
7.09	100
7.1	100
7.11	100
7.12	100
7.13	100
7.14	100
7.15	100
7.16	100
7.17	100
7.18	100
7.19	100
7.2	100
7.21	100
7.22	100
7.23	100
7.24	100
7.25	100
7.26	100
7.27	100
7.28	100
7.29	100
7.3	100
7.31	100
7.32	100
7.33	100
7.34	100
7.35	100
7.36	100
7.37	100
7.38	100
7.39	100
7.4	100
7.41	100
7.42	100
7.43	100
7.44	100
7.45	100
7.46	100
7.47	100
7.48	100
7.49	100
7.5	100
7.51	100
7.52	100
7.53	100
7.54	100
7.55	100
7.56	100
7.57	100
7.58	100
7.59	100
7.6	100
7.61	100
7.62	100
7.63	100
7.64	100
7.65	100
7.66	100
7.67	100
7.68	100
7.69	100
7.7	100
7.71	100
7.72	100
7.73	100
7.74	100
7.75	100
7.76	100
7.77	100
7.78	100
7.79	100
7.8	100
7.81	100
7.82	100
7.83	100
7.84	100
7.85	100
7.86	100
7.87	100
7.88	100
7.89	100
7.9	100
7.91	100
7.92	100
7.93	100
7.94	100
7.95	100
7.96	100
7.97	100
7.98	100
7.99	100
8	100
8.01	100
8.02	100
8.03	100
8.04	100
8.05	100
8.06	100
8.07	100
8.08	100
8.09	100
8.1	100
8.11	100
8.12	100
8.13	100
8.14	100
8.15	100
8.16	100
8.17	100
8.18	100
8.19	100
8.2	100
8.21	100
8.22	100
8.23	100
8.24	100
8.25	100
8.26	100
8.27	100
8.28	100
8.29	100
8.3	100
8.31	100
8.32	100
8.33	100
8.34	100
8.35	100
8.36	100
8.37	100
8.38	100
8.39	100
8.4	100
8.41	100
8.42	100
8.43	100
8.44	100
8.45	100
8.46	100
8.47	100
8.48	100
8.49	100
8.5	100
8.51	100
8.52	100
8.53	100
8.54	100
8.55	100
8.56	100
8.57	100
8.58	100
8.59	100
8.6	100
8.61	100
8.62	100
8.63	100
8.64	100
8.65	100
8.66	100
8.67	100
8.68	100
8.69	100
8.7	100
8.71	100
8.72	100
8.73	100
8.74	100
8.75	100
8.76	100
8.77	100
8.78	100
8.79	100
8.8	100
8.81	100
8.82	100
8.83	100
8.84	100
8.85	100
8.86	100
8.87	100
8.88	100
8.89	100
8.9	100
8.91	100
8.92	100
8.93	100
8.94	100
8.95	100
8.96	100
8.97	100
8.98	100
8.99	100
9	100
9.01	100
9.02	100
9.03	100
9.04	100
9.05	100
9.06	100
9.07	100
9.08	100
9.09	100
9.1	100
9.11	100
9.12	100
9.13	100
9.14	100
9.15	100
9.16	100
9.17	100
9.18	100
9.19	100
9.2	100
9.21	100
9.22	100
9.23	100
9.24	100
9.25	100
9.26	100
9.27	100
9.28	100
9.29	100
9.3	100
9.31	100
9.32	100
9.33	100
9.34	100
9.35	100
9.36	100
9.37	100
9.38	100
9.39	100
9.4	100
9.41	100
9.42	100
9.43	100
9.44	100
9.45	100
9.46	100
9.47	100
9.48	100
9.49	100
9.5	100
9.51	100
9.52	100
9.53	100
9.54	100
9.55	100
9.56	100
9.57	100
9.58	100
9.59	100
9.6	100
9.61	100
9.62	100
9.63	100
9.64	100
9.65	100
9.66	100
9.67	100
9.68	100
9.69	100
9.7	100
9.71	100
9.72	100
9.73	100
9.74	100
9.75	100
9.76	100
9.77	100
9.78	100
9.79	100
9.8	100
9.81	100
9.82	100
9.83	100
9.84	100
9.85	100
9.86	100
9.87	100
9.88	100
9.89	100
9.9	100
9.91	100
9.92	100
9.93	100
9.94	100
9.95	100
9.96	100
9.97	100
9.98	100
9.99	100
10	100
10.01	100
10.02	100
10.03	100
10.04	100
10.05	100
10.06	100
10.07	100
10.08	100
10.09	100
10.1	100
10.11	100
10.12	100
10.13	100
10.14	100
10.15	100
10.16	100
10.17	100
10.18	100
10.19	100
10.2	100
10.21	100
10.22	100
10.23	100
10.24	100
10.25	100
10.26	100
10.27	100
10.28	100
10.29	100
10.3	100
10.31	100
10.32	100
10.33	100
10.34	100
10.35	100
10.36	100
10.37	100
10.38	100
10.39	100
10.4	100
10.41	100
10.42	100
10.43	100
10.44	100
10.45	100
10.46	100
10.47	100
10.48	100
10.49	100
10.5	100
10.51	100
10.52	100
10.53	100
10.54	100
10.55	100
10.56	100
10.57	100
10.58	100
10.59	100
10.6	100
10.61	100
10.62	100
10.63	100
10.64	100
10.65	100
10.66	100
10.67	100
10.68	100
10.69	100
10.7	100
10.71	100
10.72	100
10.73	100
10.74	100
10.75	100
10.76	100
10.77	100
10.78	100
10.79	100
10.8	100
10.81	100
10.82	100
10.83	100
10.84	100
10.85	100
10.86	100
10.87	100
10.88	100
10.89	100
10.9	100
10.91	100
10.92	100
10.93	100
10.94	100
10.95	100
10.96	100
10.97	100
10.98	100
10.99	100
11	100
11.01	100
11.02	100
11.03	100
11.04	100
11.05	100
11.06	100
11.07	100
11.08	100
11.09	100
11.1	100
11.11	100
11.12	100
11.13	100
11.14	100
11.15	100
11.16	100
11.17	100
11.18	100
11.19	100
11.2	100
11.21	100
11.22	100
11.23	100
11.24	100
11.25	100
11.26	100
11.27	100
11.28	100
11.29	100
11.3	100
11.31	100
11.32	100
11.33	100
11.34	100
11.35	100
11.36	100
11.37	100
11.38	100
11.39	100
11.4	100
11.41	100
11.42	100
11.43	100
11.44	100
11.45	100
11.46	100
11.47	100
11.48	100
11.49	100
11.5	100
11.51	100
11.52	100
11.53	100
11.54	100
11.55	100
11.56	100
11.57	100
11.58	100
11.59	100
11.6	100
11.61	100
11.62	100
11.63	100
11.64	100
11.65	100
11.66	100
11.67	100
11.68	100
11.69	100
11.7	100
11.71	100
11.72	100
11.73	100
11.74	100
11.75	100
11.76	100
11.77	100
11.78	100
11.79	100
11.8	100
11.81	100
11.82	100
11.83	100
11.84	100
11.85	100
11.86	100
11.87	100
11.88	100
11.89	100
11.9	100
11.91	100
11.92	100
11.93	100
11.94	100
11.95	100
11.96	100
11.97	100
11.98	100
11.99	100
12	100
12.01	100
12.02	100
12.03	100
12.04	100
12.05	100
12.06	100
12.07	100
12.08	100
12.09	100
12.1	100
12.11	100
12.12	100
12.13	100
12.14	100
12.15	100
12.16	100
12.17	100
12.18	100
12.19	100
12.2	100
12.21	100
12.22	100
12.23	100
12.24	100
12.25	100
12.26	100
12.27	100
12.28	100
12.29	100
12.3	100
12.31	100
12.32	100
12.33	100
12.34	100
12.35	100
12.36	100
12.37	100
12.38	100
12.39	100
12.4	100
12.41	100
12.42	100
12.43	100
12.44	100
12.45	100
12.46	100
12.47	100
12.48	100
12.49	100
12.5	100
12.51	100
12.52	100
12.53	100
12.54	100
12.55	100
12.56	100
12.57	100
12.58	100
12.59	100
12.6	100
12.61	100
12.62	100
12.63	100
12.64	100
12.65	100
12.66	100
12.67	100
12.68	100
12.69	100
12.7	100
12.71	100
12.72	100
12.73	100
12.74	100
12.75	100
12.76	100
12.77	100
12.78	100
12.79	100
12.8	100
12.81	100
12.82	100
12.83	100
12.84	100
12.85	100
12.86	100
12.87	100
12.88	100
12.89	100
12.9	100
12.91	100
12.92	100
12.93	100
12.94	100
12.95	100
12.96	100
12.97	100
12.98	100
12.99	100
13	100
13.01	100
13.02	100
13.03	100
13.04	100
13.05	100
13.06	100
13.07	100
13.08	100
13.09	100
13.1	100
13.11	100
13.12	100
13.13	100
13.14	100
13.15	100
13.16	100
13.17	100
13.18	100
13.19	100
13.2	100
13.21	100
13.22	100
13.23	100
13.24	100
13.25	100
13.26	100
13.27	100
13.28	100
13.29	100
13.3	100
13.31	100
13.32	100
13.33	100
13.34	100
13.35	100
13.36	100
13.37	100
13.38	100
13.39	100
13.4	100
13.41	100
13.42	100
13.43	100
13.44	100
13.45	100
13.46	100
13.47	100
13.48	100
13.49	100
13.5	100
13.51	100
13.52	100
13.53	100
13.54	100
13.55	100
13.56	100
13.57	100
13.58	100
13.59	100
13.6	100
13.61	100
13.62	100
13.63	100
13.64	100
13.65	100
13.66	100
13.67	100
13.68	100
13.69	100
13.7	100
13.71	100
13.72	100
13.73	100
13.74	100
13.75	100
13.76	100
13.77	100
13.78	100
13.79	100
13.8	100
13.81	100
13.82	100
13.83	100
13.84	100
13.85	100
13.86	100
13.87	100
13.88	100
13.89	100
13.9	100
13.91	100
13.92	100
13.93	100
13.94	100
13.95	100
13.96	100
13.97	100
13.98	100
13.99	100
14	100
14.01	100
14.02	100
14.03	100
14.04	100
14.05	100
14.06	100
14.07	100
14.08	100
14.09	100
14.1	100
14.11	100
14.12	100
14.13	100
14.14	100
14.15	100
14.16	100
14.17	100
14.18	100
14.19	100
14.2	100
14.21	100
14.22	100
14.23	100
14.24	100
14.25	100
14.26	100
14.27	100
14.28	100
14.29	100
14.3	100
14.31	100
14.32	100
14.33	100
14.34	100
14.35	100
14.36	100
14.37	100
14.38	100
14.39	100
14.4	100
14.41	100
14.42	100
14.43	100
14.44	100
14.45	100
14.46	100
14.47	100
14.48	100
14.49	100
14.5	100
14.51	100
14.52	100
14.53	100
14.54	100
14.55	100
14.56	100
14.57	100
14.58	100
14.59	100
14.6	100
14.61	100
14.62	100
14.63	100
14.64	100
14.65	100
14.66	100
14.67	100
14.68	100
14.69	100
14.7	100
14.71	100
14.72	100
14.73	100
14.74	100
14.75	100
14.76	100
14.77	100
14.78	100
14.79	100
14.8	100
14.81	100
14.82	100
14.83	100
14.84	100
14.85	100
14.86	100
14.87	100
14.88	100
14.89	100
14.9	100
14.91	100
14.92	100
14.93	100
14.94	100
14.95	100
14.96	100
14.97	100
14.98	100
14.99	100
15	100
15.01	100
15.02	100
15.03	100
15.04	100
15.05	100
15.06	100
15.07	100
15.08	100
15.09	100
15.1	100
15.11	100
15.12	100
15.13	100
15.14	100
15.15	100
15.16	100
15.17	100
15.18	100
15.19	100
15.2	100
15.21	100
15.22	100
15.23	100
15.24	100
15.25	100
15.26	100
15.27	100
15.28	100
15.29	100
15.3	100
15.31	100
15.32	100
15.33	100
15.34	100
15.35	100
15.36	100
15.37	100
15.38	100
15.39	100
15.4	100
15.41	100
15.42	100
15.43	100
15.44	100
15.45	100
15.46	100
15.47	100
15.48	100
15.49	100
15.5	100
15.51	100
15.52	100
15.53	100
15.54	100
15.55	100
15.56	100
15.57	100
15.58	100
15.59	100
15.6	100
15.61	100
15.62	100
15.63	100
15.64	100
15.65	100
15.66	100
15.67	100
15.68	100
15.69	100
15.7	100
15.71	100
15.72	100
15.73	100
15.74	100
15.75	100
15.76	100
15.77	100
15.78	100
15.79	100
15.8	100
15.81	100
15.82	100
15.83	100
15.84	100
15.85	100
15.86	100
15.87	100
15.88	100
15.89	100
15.9	100
15.91	100
15.92	100
15.93	100
15.94	100
15.95	100
15.96	100
15.97	100
15.98	100
15.99	100
16	100
16.01	100
16.02	100
16.03	100
16.04	100
16.05	100
16.06	100
16.07	100
16.08	100
16.09	100
16.1	100
16.11	100
16.12	100
16.13	100
16.14	100
16.15	100
16.16	100
16.17	100
16.18	100
16.19	100
16.2	100
16.21	100
16.22	100
16.23	100
16.24	100
16.25	100
16.26	100
16.27	100
16.28	100
16.29	100
16.3	100
16.31	100
16.32	100
16.33	100
16.34	100
16.35	100
16.36	100
16.37	100
16.38	100
16.39	100
16.4	100
16.41	100
16.42	100
16.43	100
16.44	100
16.45	100
16.46	100
16.47	100
16.48	100
16.49	100
16.5	100
16.51	100
16.52	100
16.53	100
16.54	100
16.55	100
16.56	100
16.57	100
16.58	100
16.59	100
16.6	100
16.61	100
16.62	100
16.63	100
16.64	100
16.65	100
16.66	100
16.67	100
16.68	100
16.69	100
16.7	100
16.71	100
16.72	100
16.73	100
16.74	100
16.75	100
16.76	100
16.77	100
16.78	100
16.79	100
16.8	100
16.81	100
16.82	100
16.83	100
16.84	100
16.85	100
16.86	100
16.87	100
16.88	100
16.89	100
16.9	100
16.91	100
16.92	100
16.93	100
16.94	100
16.95	100
16.96	100
16.97	100
16.98	100
16.99	100
17	100
17.01	100
17.02	100
17.03	100
17.04	100
17.05	100
17.06	100
17.07	100
17.08	100
17.09	100
17.1	100
17.11	100
17.12	100
17.13	100
17.14	100
17.15	100
17.16	100
17.17	100
17.18	100
17.19	100
17.2	100
17.21	100
17.22	100
17.23	100
17.24	100
17.25	100
17.26	100
17.27	100
17.28	100
17.29	100
17.3	100
17.31	100
17.32	100
17.33	100
17.34	100
17.35	100
17.36	100
17.37	100
17.38	100
17.39	100
17.4	100
17.41	100
17.42	100
17.43	100
17.44	100
17.45	100
17.46	100
17.47	100
17.48	100
17.49	100
17.5	100
17.51	100
17.52	100
17.53	100
17.54	100
17.55	100
17.56	100
17.57	100
17.58	100
17.59	100
17.6	100
17.61	100
17.62	100
17.63	100
17.64	100
17.65	100
17.66	100
17.67	100
17.68	100
17.69	100
17.7	100
17.71	100
17.72	100
17.73	100
17.74	100
17.75	100
17.76	100
17.77	100
17.78	100
17.79	100
17.8	100
17.81	100
17.82	100
17.83	100
17.84	100
17.85	100
17.86	100
17.87	100
17.88	100
17.89	100
17.9	100
17.91	100
17.92	100
17.93	100
17.94	100
17.95	100
17.96	100
17.97	100
17.98	100
17.99	100
18	100
18.01	100
18.02	100
18.03	100
18.04	100
18.05	100
18.06	100
18.07	100
18.08	100
18.09	100
18.1	100
18.11	100
18.12	100
18.13	100
18.14	100
18.15	100
18.16	100
18.17	100
18.18	100
18.19	100
18.2	100
18.21	100
18.22	100
18.23	100
18.24	100
18.25	100
18.26	100
18.27	100
18.28	100
18.29	100
18.3	100
18.31	100
18.32	100
18.33	100
18.34	100
18.35	100
18.36	100
18.37	100
18.38	100
18.39	100
18.4	100
18.41	100
18.42	100
18.43	100
18.44	100
18.45	100
18.46	100
18.47	100
18.48	100
18.49	100
18.5	100
18.51	100
18.52	100
18.53	100
18.54	100
18.55	100
18.56	100
18.57	100
18.58	100
18.59	100
18.6	100
18.61	100
18.62	100
18.63	100
18.64	100
18.65	100
18.66	100
18.67	100
18.68	100
18.69	100
18.7	100
18.71	100
18.72	100
18.73	100
18.74	100
18.75	100
18.76	100
18.77	100
18.78	100
18.79	100
18.8	100
18.81	100
18.82	100
18.83	100
18.84	100
18.85	100
18.86	100
18.87	100
18.88	100
18.89	100
18.9	100
18.91	100
18.92	100
18.93	100
18.94	100
18.95	100
18.96	100
18.97	100
18.98	100
18.99	100
19	100
19.01	100
19.02	100
19.03	100
19.04	100
19.05	100
19.06	100
19.07	100
19.08	100
19.09	100
19.1	100
19.11	100
19.12	100
19.13	100
19.14	100
19.15	100
19.16	100
19.17	100
19.18	100
19.19	100
19.2	100
19.21	100
19.22	100
19.23	100
19.24	100
19.25	100
19.26	100
19.27	100
19.28	100
19.29	100
19.3	100
19.31	100
19.32	100
19.33	100
19.34	100
19.35	100
19.36	100
19.37	100
19.38	100
19.39	100
19.4	100
19.41	100
19.42	100
19.43	100
19.44	100
19.45	100
19.46	100
19.47	100
19.48	100
19.49	100
19.5	100
19.51	100
19.52	100
19.53	100
19.54	100
19.55	100
19.56	100
19.57	100
19.58	100
19.59	100
19.6	100
19.61	100
19.62	100
19.63	100
19.64	100
19.65	100
19.66	100
19.67	100
19.68	100
19.69	100
19.7	100
19.71	100
19.72	100
19.73	100
19.74	100
19.75	100
19.76	100
19.77	100
19.78	100
19.79	100
19.8	100
19.81	100
19.82	100
19.83	100
19.84	100
19.85	100
19.86	100
19.87	100
19.88	100
19.89	100
19.9	100
19.91	100
19.92	100
19.93	100
19.94	100
19.95	100
19.96	100
19.97	100
19.98	100
19.99	100
20	100
20.01	100
20.02	100
20.03	100
20.04	100
20.05	100
20.06	100
20.07	100
20.08	100
20.09	100
20.1	100
20.11	100
20.12	100
20.13	100
20.14	100
20.15	100
20.16	100
20.17	100
20.18	100
20.19	100
20.2	100
20.21	100
20.22	100
20.23	100
20.24	100
20.25	100
20.26	100
20.27	100
20.28	100
20.29	100
20.3	100
20.31	100
20.32	100
20.33	100
20.34	100
20.35	100
20.36	100
20.37	100
20.38	100
20.39	100
20.4	100
20.41	100
20.42	100
20.43	100
20.44	100
20.45	100
20.46	100
20.47	100
20.48	100
20.49	100
20.5	100
20.51	100
20.52	100
20.53	100
20.54	100
20.55	100
20.56	100
20.57	100
20.58	100
20.59	100
20.6	100
20.61	100
20.62	100
20.63	100
20.64	100
20.65	100
20.66	100
20.67	100
20.68	100
20.69	100
20.7	100
20.71	100
20.72	100
20.73	100
20.74	100
20.75	100
20.76	100
20.77	100
20.78	100
20.79	100
20.8	100
20.81	100
20.82	100
20.83	100
20.84	100
20.85	100
20.86	100
20.87	100
20.88	100
20.89	100
20.9	100
20.91	100
20.92	100
20.93	100
20.94	100
20.95	100
20.96	100
20.97	100
20.98	100
20.99	100
21	100
21.01	100
21.02	100
21.03	100
21.04	100
21.05	100
21.06	100
21.07	100
21.08	100
21.09	100
21.1	100
21.11	100
21.12	100
21.13	100
21.14	100
21.15	100
21.16	100
21.17	100
21.18	100
21.19	100
21.2	100
21.21	100
21.22	100
21.23	100
21.24	100
21.25	100
21.26	100
21.27	100
21.28	100
21.29	100
21.3	100
21.31	100
21.32	100
21.33	100
21.34	100
21.35	100
21.36	100
21.37	100
21.38	100
21.39	100
21.4	100
21.41	100
21.42	100
21.43	100
21.44	100
21.45	100
21.46	100
21.47	100
21.48	100
21.49	100
21.5	100
21.51	100
21.52	100
21.53	100
21.54	100
21.55	100
21.56	100
21.57	100
21.58	100
21.59	100
21.6	100
21.61	100
21.62	100
21.63	100
21.64	100
21.65	100
21.66	100
21.67	100
21.68	100
21.69	100
21.7	100
21.71	100
21.72	100
21.73	100
21.74	100
21.75	100
21.76	100
21.77	100
21.78	100
21.79	100
21.8	100
21.81	100
21.82	100
21.83	100
21.84	100
21.85	100
21.86	100
21.87	100
21.88	100
21.89	100
21.9	100
21.91	100
21.92	100
21.93	100
21.94	100
21.95	100
21.96	100
21.97	100
21.98	100
21.99	100
22	100
22.01	100
22.02	100
22.03	100
22.04	100
22.05	100
22.06	100
22.07	100
22.08	100
22.09	100
22.1	100
22.11	100
22.12	100
22.13	100
22.14	100
22.15	100
22.16	100
22.17	100
22.18	100
22.19	100
22.2	100
22.21	100
22.22	100
22.23	100
22.24	100
22.25	100
22.26	100
22.27	100
22.28	100
22.29	100
22.3	100
22.31	100
22.32	100
22.33	100
22.34	100
22.35	100
22.36	100
22.37	100
22.38	100
22.39	100
22.4	100
22.41	100
22.42	100
22.43	100
22.44	100
22.45	100
22.46	100
22.47	100
22.48	100
22.49	100
22.5	100
22.51	100
22.52	100
22.53	100
22.54	100
22.55	100
22.56	100
22.57	100
22.58	100
22.59	100
22.6	100
22.61	100
22.62	100
22.63	100
22.64	100
22.65	100
22.66	100
22.67	100
22.68	100
22.69	100
22.7	100
22.71	100
22.72	100
22.73	100
22.74	100
22.75	100
22.76	100
22.77	100
22.78	100
22.79	100
22.8	100
22.81	100
22.82	100
22.83	100
22.84	100
22.85	100
22.86	100
22.87	100
22.88	100
22.89	100
22.9	100
22.91	100
22.92	100
22.93	100
22.94	100
22.95	100
22.96	100
22.97	100
22.98	100
22.99	100
23	100
23.01	100
23.02	100
23.03	100
23.04	100
23.05	100
23.06	100
23.07	100
23.08	100
23.09	100
23.1	100
23.11	100
23.12	100
23.13	100
23.14	100
23.15	100
23.16	100
23.17	100
23.18	100
23.19	100
23.2	100
23.21	100
23.22	100
23.23	100
23.24	100
23.25	100
23.26	100
23.27	100
23.28	100
23.29	100
23.3	100
23.31	100
23.32	100
23.33	100
23.34	100
23.35	100
23.36	100
23.37	100
23.38	100
23.39	100
23.4	100
23.41	100
23.42	100
23.43	100
23.44	100
23.45	100
23.46	100
23.47	100
23.48	100
23.49	100
23.5	100
23.51	100
23.52	100
23.53	100
23.54	100
23.55	100
23.56	100
23.57	100
23.58	100
23.59	100
23.6	100
23.61	100
23.62	100
23.63	100
23.64	100
23.65	100
23.66	100
23.67	100
23.68	100
23.69	100
23.7	100
23.71	100
23.72	100
23.73	100
23.74	100
23.75	100
23.76	100
23.77	100
23.78	100
23.79	100
23.8	100
23.81	100
23.82	100
23.83	100
23.84	100
23.85	100
23.86	100
23.87	100
23.88	100
23.89	100
23.9	100
23.91	100
23.92	100
23.93	100
23.94	100
23.95	100
23.96	100
23.97	100
23.98	100
23.99	100
24	100
24.01	100
24.02	100
24.03	100
24.04	100
24.05	100
24.06	100
24.07	100
24.08	100
24.09	100
24.1	100
24.11	100
24.12	100
24.13	100
24.14	100
24.15	100
24.16	100
24.17	100
24.18	100
24.19	100
24.2	100
24.21	100
24.22	100
24.23	100
24.24	100
24.25	100
24.26	100
24.27	100
24.28	100
24.29	100
24.3	100
24.31	100
24.32	100
24.33	100
24.34	100
24.35	100
24.36	100
24.37	100
24.38	100
24.39	100
24.4	100
24.41	100
24.42	100
24.43	100
24.44	100
24.45	100
24.46	100
24.47	100
24.48	100
24.49	100
24.5	100
24.51	100
24.52	100
24.53	100
24.54	100
24.55	100
24.56	100
24.57	100
24.58	100
24.59	100
24.6	100
24.61	100
24.62	100
24.63	100
24.64	100
24.65	100
24.66	100
24.67	100
24.68	100
24.69	100
24.7	100
24.71	100
24.72	100
24.73	100
24.74	100
24.75	100
24.76	100
24.77	100
24.78	100
24.79	100
24.8	100
24.81	100
24.82	100
24.83	100
24.84	100
24.85	100
24.86	100
24.87	100
24.88	100
24.89	100
24.9	100
24.91	100
24.92	100
24.93	100
24.94	100
24.95	100
24.96	100
24.97	100
24.98	100
24.99	100
25	100
25.01	100
25.02	100
25.03	100
25.04	100
25.05	100
25.06	100
25.07	100
25.08	100
25.09	100
25.1	100
25.11	100
25.12	100
25.13	100
25.14	100
25.15	100
25.16	100
25.17	100
25.18	100
25.19	100
25.2	100
25.21	100
25.22	100
25.23	100
25.24	100
25.25	100
25.26	100
25.27	100
25.28	100
25.29	100
25.3	100
25.31	100
25.32	100
25.33	100
25.34	100
25.35	100
25.36	100
25.37	100
25.38	100
25.39	100
25.4	100
25.41	100
25.42	100
25.43	100
25.44	100
25.45	100
25.46	100
25.47	100
25.48	100
25.49	100
25.5	100
25.51	100
25.52	100
25.53	100
25.54	100
25.55	100
25.56	100
25.57	100
25.58	100
25.59	100
25.6	100
25.61	100
25.62	100
25.63	100
25.64	100
25.65	100
25.66	100
25.67	100
25.68	100
25.69	100
25.7	100
25.71	100
25.72	100
25.73	100
25.74	100
25.75	100
25.76	100
25.77	100
25.78	100
25.79	100
25.8	100
25.81	100
25.82	100
25.83	100
25.84	100
25.85	100
25.86	100
25.87	100
25.88	100
25.89	100
25.9	100
25.91	100
25.92	100
25.93	100
25.94	100
25.95	100
25.96	100
25.97	100
25.98	100
25.99	100
26	100
26.01	100
26.02	100
26.03	100
26.04	100
26.05	100
26.06	100
26.07	100
26.08	100
26.09	100
26.1	100
26.11	100
26.12	100
26.13	100
26.14	100
26.15	100
26.16	100
26.17	100
26.18	100
26.19	100
26.2	100
26.21	100
26.22	100
26.23	100
26.24	100
26.25	100
26.26	100
26.27	100
26.28	100
26.29	100
26.3	100
26.31	100
26.32	100
26.33	100
26.34	100
26.35	100
26.36	100
26.37	100
26.38	100
26.39	100
26.4	100
26.41	100
26.42	100
26.43	100
26.44	100
26.45	100
26.46	100
26.47	100
26.48	100
26.49	100
26.5	100
26.51	100
26.52	100
26.53	100
26.54	100
26.55	100
26.56	100
26.57	100
26.58	100
26.59	100
26.6	100
26.61	100
26.62	100
26.63	100
26.64	100
26.65	100
26.66	100
26.67	100
26.68	100
26.69	100
26.7	100
26.71	100
26.72	100
26.73	100
26.74	100
26.75	100
26.76	100
26.77	100
26.78	100
26.79	100
26.8	100
26.81	100
26.82	100
26.83	100
26.84	100
26.85	100
26.86	100
26.87	100
26.88	100
26.89	100
26.9	100
26.91	100
26.92	100
26.93	100
26.94	100
26.95	100
26.96	100
26.97	100
26.98	100
26.99	100
27	100
27.01	100
27.02	100
27.03	100
27.04	100
27.05	100
27.06	100
27.07	100
27.08	100
27.09	100
27.1	100
27.11	100
27.12	100
27.13	100
27.14	100
27.15	100
27.16	100
27.17	100
27.18	100
27.19	100
27.2	100
27.21	100
27.22	100
27.23	100
27.24	100
27.25	100
27.26	100
27.27	100
27.28	100
27.29	100
27.3	100
27.31	100
27.32	100
27.33	100
27.34	100
27.35	100
27.36	100
27.37	100
27.38	100
27.39	100
27.4	100
27.41	100
27.42	100
27.43	100
27.44	100
27.45	100
27.46	100
27.47	100
27.48	100
27.49	100
27.5	100
27.51	100
27.52	100
27.53	100
27.54	100
27.55	100
27.56	100
27.57	100
27.58	100
27.59	100
27.6	100
27.61	100
27.62	100
27.63	100
27.64	100
27.65	100
27.66	100
27.67	100
27.68	100
27.69	100
27.7	100
27.71	100
27.72	100
27.73	100
27.74	100
27.75	100
27.76	100
27.77	100
27.78	100
27.79	100
27.8	100
27.81	100
27.82	100
27.83	100
27.84	100
27.85	100
27.86	100
27.87	100
27.88	100
27.89	100
27.9	100
27.91	100
27.92	100
27.93	100
27.94	100
27.95	100
27.96	100
27.97	100
27.98	100
27.99	100
28	100
28.01	100
28.02	100
28.03	100
28.04	100
28.05	100
28.06	100
28.07	100
28.08	100
28.09	100
28.1	100
28.11	100
28.12	100
28.13	100
28.14	100
28.15	100
28.16	100
28.17	100
28.18	100
28.19	100
28.2	100
28.21	100
28.22	100
28.23	100
28.24	100
28.25	100
28.26	100
28.27	100
28.28	100
28.29	100
28.3	100
28.31	100
28.32	100
28.33	100
28.34	100
28.35	100
28.36	100
28.37	100
28.38	100
28.39	100
28.4	100
28.41	100
28.42	100
28.43	100
28.44	100
28.45	100
28.46	100
28.47	100
28.48	100
28.49	100
28.5	100
28.51	100
28.52	100
28.53	100
28.54	100
28.55	100
28.56	100
28.57	100
28.58	100
28.59	100
28.6	100
28.61	100
28.62	100
28.63	100
28.64	100
28.65	100
28.66	100
28.67	100
28.68	100
28.69	100
28.7	100
28.71	100
28.72	100
28.73	100
28.74	100
28.75	100
28.76	100
28.77	100
28.78	100
28.79	100
28.8	100
28.81	100
28.82	100
28.83	100
28.84	100
28.85	100
28.86	100
28.87	100
28.88	100
28.89	100
28.9	100
28.91	100
28.92	100
28.93	100
28.94	100
28.95	100
28.96	100
28.97	100
28.98	100
28.99	100
29	100
29.01	100
29.02	100
29.03	100
29.04	100
29.05	100
29.06	100
29.07	100
29.08	100
29.09	100
29.1	100
29.11	100
29.12	100
29.13	100
29.14	100
29.15	100
29.16	100
29.17	100
29.18	100
29.19	100
29.2	100
29.21	100
29.22	100
29.23	100
29.24	100
29.25	100
29.26	100
29.27	100
29.28	100
29.29	100
29.3	100
29.31	100
29.32	100
29.33	100
29.34	100
29.35	100
29.36	100
29.37	100
29.38	100
29.39	100
29.4	100
29.41	100
29.42	100
29.43	100
29.44	100
29.45	100
29.46	100
29.47	100
29.48	100
29.49	100
29.5	100
29.51	100
29.52	100
29.53	100
29.54	100
29.55	100
29.56	100
29.57	100
29.58	100
29.59	100
29.6	100
29.61	100
29.62	100
29.63	100
29.64	100
29.65	100
29.66	100
29.67	100
29.68	100
29.69	100
29.7	100
29.71	100
29.72	100
29.73	100
29.74	100
29.75	100
29.76	100
29.77	100
29.78	100
29.79	100
29.8	100
29.81	100
29.82	100
29.83	100
29.84	100
29.85	100
29.86	100
29.87	100
29.88	100
29.89	100
29.9	100
29.91	100
29.92	100
29.93	100
29.94	100
29.95	100
29.96	100
29.97	100
29.98	100
29.99	100
30	100
30.01	100
30.02	100
30.03	100
30.04	100
30.05	100
30.06	100
30.07	100
30.08	100
30.09	100
30.1	100
30.11	100
30.12	100
30.13	100
30.14	100
30.15	100
30.16	100
30.17	100
30.18	100
30.19	100
30.2	100
30.21	100
30.22	100
30.23	100
30.24	100
30.25	100
30.26	100
30.27	100
30.28	100
30.29	100
30.3	100
30.31	100
30.32	100
30.33	100
30.34	100
30.35	100
30.36	100
30.37	100
30.38	100
30.39	100
30.4	100
30.41	100
30.42	100
30.43	100
30.44	100
30.45	100
30.46	100
30.47	100
30.48	100
30.49	100
30.5	100
30.51	100
30.52	100
30.53	100
30.54	100
30.55	100
30.56	100
30.57	100
30.58	100
30.59	100
30.6	100
30.61	100
30.62	100
30.63	100
30.64	100
30.65	100
30.66	100
30.67	100
30.68	100
30.69	100
30.7	100
30.71	100
30.72	100
30.73	100
30.74	100
30.75	100
30.76	100
30.77	100
30.78	100
30.79	100
30.8	100
30.81	100
30.82	100
30.83	100
30.84	100
30.85	100
30.86	100
30.87	100
30.88	100
30.89	100
30.9	100
30.91	100
30.92	100
30.93	100
30.94	100
30.95	100
30.96	100
30.97	100
30.98	100
30.99	100
31	100
31.01	100
31.02	100
31.03	100
31.04	100
31.05	100
31.06	100
31.07	100
31.08	100
31.09	100
31.1	100
31.11	100
31.12	100
31.13	100
31.14	100
31.15	100
31.16	100
31.17	100
31.18	100
31.19	100
31.2	100
31.21	100
31.22	100
31.23	100
31.24	100
31.25	100
31.26	100
31.27	100
31.28	100
31.29	100
31.3	100
31.31	100
31.32	100
31.33	100
31.34	100
31.35	100
31.36	100
31.37	100
31.38	100
31.39	100
31.4	100
31.41	100
31.42	100
31.43	100
31.44	100
31.45	100
31.46	100
31.47	100
31.48	100
31.49	100
31.5	100
31.51	100
31.52	100
31.53	100
31.54	100
31.55	100
31.56	100
31.57	100
31.58	100
31.59	100
31.6	100
31.61	100
31.62	100
31.63	100
31.64	100
31.65	100
31.66	100
31.67	100
31.68	100
31.69	100
31.7	100
31.71	100
31.72	100
31.73	100
31.74	100
31.75	100
31.76	100
31.77	100
31.78	100
31.79	100
31.8	100
31.81	100
31.82	100
31.83	100
31.84	100
31.85	100
31.86	100
31.87	100
31.88	100
31.89	100
31.9	100
31.91	100
31.92	100
31.93	100
31.94	100
31.95	100
31.96	100
31.97	100
31.98	100
31.99	100
32	100
32.01	100
32.02	100
32.03	100
32.04	100
32.05	100
32.06	100
32.07	100
32.08	100
32.09	100
32.1	100
32.11	100
32.12	100
32.13	100
32.14	100
32.15	100
32.16	100
32.17	100
32.18	100
32.19	100
32.2	100
32.21	100
32.22	100
32.23	100
32.24	100
32.25	100
32.26	100
32.27	100
32.28	100
32.29	100
32.3	100
32.31	100
32.32	100
32.33	100
32.34	100
32.35	100
32.36	100
32.37	100
32.38	100
32.39	100
32.4	100
32.41	100
32.42	100
32.43	100
32.44	100
32.45	100
32.46	100
32.47	100
32.48	100
32.49	100
32.5	100
32.51	100
32.52	100
32.53	100
32.54	100
32.55	100
32.56	100
32.57	100
32.58	100
32.59	100
32.6	100
32.61	100
32.62	100
32.63	100
32.64	100
32.65	100
32.66	100
32.67	100
32.68	100
32.69	100
32.7	100
32.71	100
32.72	100
32.73	100
32.74	100
32.75	100
32.76	100
32.77	100
32.78	100
32.79	100
32.8	100
32.81	100
32.82	100
32.83	100
32.84	100
32.85	100
32.86	100
32.87	100
32.88	100
32.89	100
32.9	100
32.91	100
32.92	100
32.93	100
32.94	100
32.95	100
32.96	100
32.97	100
32.98	100
32.99	100
33	100
33.01	100
33.02	100
33.03	100
33.04	100
33.05	100
33.06	100
33.07	100
33.08	100
33.09	100
33.1	100
33.11	100
33.12	100
33.13	100
33.14	100
33.15	100
33.16	100
33.17	100
33.18	100
33.19	100
33.2	100
33.21	100
33.22	100
33.23	100
33.24	100
33.25	100
33.26	100
33.27	100
33.28	100
33.29	100
33.3	100
33.31	100
33.32	100
33.33	100
33.34	100
33.35	100
33.36	100
33.37	100
33.38	100
33.39	100
33.4	100
33.41	100
33.42	100
33.43	100
33.44	100
33.45	100
33.46	100
33.47	100
33.48	100
33.49	100
33.5	100
33.51	100
33.52	100
33.53	100
33.54	100
33.55	100
33.56	100
33.57	100
33.58	100
33.59	100
33.6	100
33.61	100
33.62	100
33.63	100
33.64	100
33.65	100
33.66	100
33.67	100
33.68	100
33.69	100
33.7	100
33.71	100
33.72	100
33.73	100
33.74	100
33.75	100
33.76	100
33.77	100
33.78	100
33.79	100
33.8	100
33.81	100
33.82	100
33.83	100
33.84	100
33.85	100
33.86	100
33.87	100
33.88	100
33.89	100
33.9	100
33.91	100
33.92	100
33.93	100
33.94	100
33.95	100
33.96	100
33.97	100
33.98	100
33.99	100
34	100
34.01	100
34.02	100
34.03	100
34.04	100
34.05	100
34.06	100
34.07	100
34.08	100
34.09	100
34.1	100
34.11	100
34.12	100
34.13	100
34.14	100
34.15	100
34.16	100
34.17	100
34.18	100
34.19	100
34.2	100
34.21	100
34.22	100
34.23	100
34.24	100
34.25	100
34.26	100
34.27	100
34.28	100
34.29	100
34.3	100
34.31	100
34.32	100
34.33	100
34.34	100
34.35	100
34.36	100
34.37	100
34.38	100
34.39	100
34.4	100
34.41	100
34.42	100
34.43	100
34.44	100
34.45	100
34.46	100
34.47	100
34.48	100
34.49	100
34.5	100
34.51	100
34.52	100
34.53	100
34.54	100
34.55	100
34.56	100
34.57	100
34.58	100
34.59	100
34.6	100
34.61	100
34.62	100
34.63	100
34.64	100
34.65	100
34.66	100
34.67	100
34.68	100
34.69	100
34.7	100
34.71	100
34.72	100
34.73	100
34.74	100
34.75	100
34.76	100
34.77	100
34.78	100
34.79	100
34.8	100
34.81	100
34.82	100
34.83	100
34.84	100
34.85	100
34.86	100
34.87	100
34.88	100
34.89	100
34.9	100
34.91	100
34.92	100
34.93	100
34.94	100
34.95	100
34.96	100
34.97	100
34.98	100
34.99	100
35	100
35.01	100
35.02	100
35.03	100
35.04	100
35.05	100
35.06	100
35.07	100
35.08	100
35.09	100
35.1	100
35.11	100
35.12	100
35.13	100
35.14	100
35.15	100
35.16	100
35.17	100
35.18	100
35.19	100
35.2	100
35.21	100
35.22	100
35.23	100
35.24	100
35.25	100
35.26	100
35.27	100
35.28	100
35.29	100
35.3	100
35.31	100
35.32	100
35.33	100
35.34	100
35.35	100
35.36	100
35.37	100
35.38	100
35.39	100
35.4	100
35.41	100
35.42	100
35.43	100
35.44	100
35.45	100
35.46	100
35.47	100
35.48	100
35.49	100
35.5	100
35.51	100
35.52	100
35.53	100
35.54	100
35.55	100
35.56	100
35.57	100
35.58	100
35.59	100
35.6	100
35.61	100
35.62	100
35.63	100
35.64	100
35.65	100
35.66	100
35.67	100
35.68	100
35.69	100
35.7	100
35.71	100
35.72	100
35.73	100
35.74	100
35.75	100
35.76	100
35.77	100
35.78	100
35.79	100
35.8	100
35.81	100
35.82	100
35.83	100
35.84	100
35.85	100
35.86	100
35.87	100
35.88	100
35.89	100
35.9	100
35.91	100
35.92	100
35.93	100
35.94	100
35.95	100
35.96	100
35.97	100
35.98	100
35.99	100
36	100
36.01	100
36.02	100
36.03	100
36.04	100
36.05	100
36.06	100
36.07	100
36.08	100
36.09	100
36.1	100
36.11	100
36.12	100
36.13	100
36.14	100
36.15	100
36.16	100
36.17	100
36.18	100
36.19	100
36.2	100
36.21	100
36.22	100
36.23	100
36.24	100
36.25	100
36.26	100
36.27	100
36.28	100
36.29	100
36.3	100
36.31	100
36.32	100
36.33	100
36.34	100
36.35	100
36.36	100
36.37	100
36.38	100
36.39	100
36.4	100
36.41	100
36.42	100
36.43	100
36.44	100
36.45	100
36.46	100
36.47	100
36.48	100
36.49	100
36.5	100
36.51	100
36.52	100
36.53	100
36.54	100
36.55	100
36.56	100
36.57	100
36.58	100
36.59	100
36.6	100
36.61	100
36.62	100
36.63	100
36.64	100
36.65	100
36.66	100
36.67	100
36.68	100
36.69	100
36.7	100
36.71	100
36.72	100
36.73	100
36.74	100
36.75	100
36.76	100
36.77	100
36.78	100
36.79	100
36.8	100
36.81	100
36.82	100
36.83	100
36.84	100
36.85	100
36.86	100
36.87	100
36.88	100
36.89	100
36.9	100
36.91	100
36.92	100
36.93	100
36.94	100
36.95	100
36.96	100
36.97	100
36.98	100
36.99	100
37	100
37.01	100
37.02	100
37.03	100
37.04	100
37.05	100
37.06	100
37.07	100
37.08	100
37.09	100
37.1	100
37.11	100
37.12	100
37.13	100
37.14	100
37.15	100
37.16	100
37.17	100
37.18	100
37.19	100
37.2	100
37.21	100
37.22	100
37.23	100
37.24	100
37.25	100
37.26	100
37.27	100
37.28	100
37.29	100
37.3	100
37.31	100
37.32	100
37.33	100
37.34	100
37.35	100
37.36	100
37.37	100
37.38	100
37.39	100
37.4	100
37.41	100
37.42	100
37.43	100
37.44	100
37.45	100
37.46	100
37.47	100
37.48	100
37.49	100
37.5	100
37.51	100
37.52	100
37.53	100
37.54	100
37.55	100
37.56	100
37.57	100
37.58	100
37.59	100
37.6	100
37.61	100
37.62	100
37.63	100
37.64	100
37.65	100
37.66	100
37.67	100
37.68	100
37.69	100
37.7	100
37.71	100
37.72	100
37.73	100
37.74	100
37.75	100
37.76	100
37.77	100
37.78	100
37.79	100
37.8	100
37.81	100
37.82	100
37.83	100
37.84	100
37.85	100
37.86	100
37.87	100
37.88	100
37.89	100
37.9	100
37.91	100
37.92	100
37.93	100
37.94	100
37.95	100
37.96	100
37.97	100
37.98	100
37.99	100
38	100
38.01	100
38.02	100
38.03	100
38.04	100
38.05	100
38.06	100
38.07	100
38.08	100
38.09	100
38.1	100
38.11	100
38.12	100
38.13	100
38.14	100
38.15	100
38.16	100
38.17	100
38.18	100
38.19	100
38.2	100
38.21	100
38.22	100
38.23	100
38.24	100
38.25	100
38.26	100
38.27	100
38.28	100
38.29	100
38.3	100
38.31	100
38.32	100
38.33	100
38.34	100
38.35	100
38.36	100
38.37	100
38.38	100
38.39	100
38.4	100
38.41	100
38.42	100
38.43	100
38.44	100
38.45	100
38.46	100
38.47	100
38.48	100
38.49	100
38.5	100
38.51	100
38.52	100
38.53	100
38.54	100
38.55	100
38.56	100
38.57	100
38.58	100
38.59	100
38.6	100
38.61	100
38.62	100
38.63	100
38.64	100
38.65	100
38.66	100
38.67	100
38.68	100
38.69	100
38.7	100
38.71	100
38.72	100
38.73	100
38.74	100
38.75	100
38.76	100
38.77	100
38.78	100
38.79	100
38.8	100
38.81	100
38.82	100
38.83	100
38.84	100
38.85	100
38.86	100
38.87	100
38.88	100
38.89	100
38.9	100
38.91	100
38.92	100
38.93	100
38.94	100
38.95	100
38.96	100
38.97	100
38.98	100
38.99	100
39	100
39.01	100
39.02	100
39.03	100
39.04	100
39.05	100
39.06	100
39.07	100
39.08	100
39.09	100
39.1	100
39.11	100
39.12	100
39.13	100
39.14	100
39.15	100
39.16	100
39.17	100
39.18	100
39.19	100
39.2	100
39.21	100
39.22	100
39.23	100
39.24	100
39.25	100
39.26	100
39.27	100
39.28	100
39.29	100
39.3	100
39.31	100
39.32	100
39.33	100
39.34	100
39.35	100
39.36	100
39.37	100
39.38	100
39.39	100
39.4	100
39.41	100
39.42	100
39.43	100
39.44	100
39.45	100
39.46	100
39.47	100
39.48	100
39.49	100
39.5	100
39.51	100
39.52	100
39.53	100
39.54	100
39.55	100
39.56	100
39.57	100
39.58	100
39.59	100
39.6	100
39.61	100
39.62	100
39.63	100
39.64	100
39.65	100
39.66	100
39.67	100
39.68	100
39.69	100
39.7	100
39.71	100
39.72	100
39.73	100
39.74	100
39.75	100
39.76	100
39.77	100
39.78	100
39.79	100
39.8	100
39.81	100
39.82	100
39.83	100
39.84	100
39.85	100
39.86	100
39.87	100
39.88	100
39.89	100
39.9	100
39.91	100
39.92	100
39.93	100
39.94	100
39.95	100
39.96	100
39.97	100
39.98	100
39.99	100
40	100
